$ANSIBLE_VAULT;1.1;AES256
32623932363530373535323362626363303538653438336631373939613365636631333465373738
6165356532653734653533333336373666653766643933350a353039303066636463316166656362
37356533646139653537313563626330656437643837393165616563333838303830396331656464
3063383737343764620a643439633931626633653064373135663232613030646331366634353437
33633333323165383537663065656131356138626335363138303331636436313263643136333965
37666532373632396638366134613732373936373663626137633166623666653662383332323465
64323562613162336134393866346663353337653331326361653464306335656334666262653966
64653630313531616136636132343231306538323566366132653261346639356638613161393165
65643939323538303566316330333339623932646163383465386133306163323164633863623339
33356561666264623430626439313533623039303163383965656663343730386234613734386261
32386563353165323831313137366539366164613836366338333835393166316430343661366537
30323538626133613262306432663161653433643434313762306630646664636365373033656361
38346536396230373338613036353466636132643165346531376338316166666236646234636536
38666664663032636530303463623861363537626130373765376664623939366638356262323763
37373933653566343037366631373365386431323034363163653264303363316634633264666365
39336231343966326135616230666664316463663539643866323837656637376130663836333536
64636361343435373062646264333662353435646639393830303032343530316462336465393961
65636465353462303230333939336661636666353533653662336638383637623334656339626138
39346266643932316162656533633162326638343233306636306339303438363063613566356336
37636430666138653062303434353862353835646564643966333464363636393866376530643637
64343534633434303664636530646661323839613764393532336432303363353739343566343034
34646130663061396632353862333763393430663032356337623234396139376237646533343163
34643662323164383363386237636165396532646165326235643137346635313435633932313436
30643532616563316261383964643438366339323033303233383664613932356437373238343239
3930
