$ANSIBLE_VAULT;1.1;AES256
36333461313632376662646437393865623662323865373738373239663538383432383065616138
3861353561666432393166303931623466656238653864320a383734373931363634363161316434
39616563326536366364636434636561343361353734653064376436326636633130393931646561
3164376535323931620a633965623536663464343964666139353339626363396234326466643463
39373633386239363231643762393930643761616136346463646435313135343063613537326430
39643335356161356264633266626661313264653832323264653733336533323234623332333434
37336566356431656466396136623337653364653135653930343131323765383939353234336535
31323261356339326130343537656131636431353138613432336362666132643661663861643435
63653536663730393832353439346435633831626361653361343439663165653535303532303636
64356630663561333235393765366163633839313635386238616663623533333461326666653531
33356464613966383066306561343136326231303831373333353264653366306166343230623435
38626139623364313035616162653563303365353531393861313935623036353339343638643263
32333134333532346165623338393832626133383635653639623437303834623130313733613230
61313863623462633366303462353266626362326264333264383666373830376134666462656632
65326438313364396438306162376665623665353966366333393932316161643764373031396230
63653764653464613334333335393939373533363038616664653662303865373634336531393038
66613161383237376330313437383934623261613261613365386264326339383234316433326234
65353230303964373165373064383663353738663830366565396639323162396533316330336133
34383537643130616438356564333865616563373135613461626132333963646432333238376563
37643839306463333461666364663033613462396631366631373334313731643634363561613632
37343465623130623338306638373363373731353564653834383830336665623637653837333039
63393638623631323131643864353462663063343339303835326535333563383933356538666138
38376638326164313330303931663031366231343265373430326638666531323463303234376637
38333339316436366562306564626565616461326530333134396330643166333138666130633232
61646236666337373835323931613438623261353863303632376534363537353965316363306366
31616661323339353139303263633930376564653936663761323566653938376334386231616632
66336165366362633065396436306539353161323736363664383831373665373662323537613661
33643438343439393835653331663866346464633064336663353639383863333335396136656635
63356136336530343662626331633833356166326239623837623639656235373738613966393437
31623265333935356138613334323632336162663563653865313664653037653566346630316361
62353136613639616230313530383534306366313535386332303339643137323335653236666134
65373638343866373062303261643739656335393434326533653663666632343966363139633766
39643066373031393537613663363637313664333663373265333133623432626666643364616261
63656164663235383361356430623534396632366166366530663330363765653431303335373835
35623262316465343737636634313437333437626663356231666664386565393832643534653866
34363539336338653435306564386237666662396363633037393937313030613037386635613539
61333262636332396136383636613630666263663762346339356130346265373437666163346135
38303963613130353831363230366661303062626265373664313661326237643636663139636230
65646430343930393437653439336435623737303065623935383330613263333832303961303634
35643433373238343036653462353266306632666263656232343766303331373865323638623132
33386632303639643139306637313162383238316361653733373263333835346636643563326663
30393936343334343461353334616463396334323865313839616639386565653330386564343130
63306231396564313937366335373039623731663165343433376230663733633631656161336537
32316263323232623130386236363363356436643061343638353336623464653530393266383061
63633132363931333536353437633363613335396361366635306134396238303931383661663032
30616331636163643861373637303464323662376637333836303636313036383364356439653338
30353164336164316637623231623666353336353736323863336161343962326566363565653431
65383163663566613566653362303538316435346133643639373461353635383665393135613666
64303164616335316333613230613436353162653761376365373465343532316166653964383037
37313931633131306630663464636263376138613463393861396630646664633464326338393634
64363030336638373336333832303638636162326433333538656562333136613838636434656663
63313562626636623865643135663632333436363835636630363464343162366631383163356462
61393731393561386263663030616434303735393832343734323136353837316535666130353361
37343136643239643230333233626238396231356465623731623364313936386533643534613138
37393665323736653630386533383234633463316366623633303862666430393733653032356636
36393233333565323163343431626534616338396561646339653863633730306230323239323337
63346535346362343963303137353539363162393530396362323161356534636261376561313831
32626139346538373763373064643064326664336365346131633763373636636136343431366136
32363161653263313364663736396139343265393735343737306634613964373039353634393538
37353233386362623634346432343164356231303436303634663265356463653262646335303336
63363036303032633834386564326638303932623863393830343563353439636230303237626465
33646335393461386234363537626231623431343235623538353631666337366334353662656363
63343735613639353733666238636164383861306539643365363633386264383863376639643037
39393639333130393062646633353564396530383531623663356439393863393363303133316661
62666331376566303630303932333366333661623135343136323266666264303435373938333466
30653130643638343866646232383230353561373439316366323363383762316563373764633761
63636535613738306133366463316437636435616238363535393264386433333964343261386363
35653935306366386662653930356636373034343039623937646363396432356332323939346439
39633734363061366534393536326637336166303731393334303232393638383135393564346538
66366332643731396533333131316461373365363330666131393333653832326163356365346136
61633738343636386332653164316430383363383932653437306231626664356362643235303037
66343263656636336639333932323066336535323466353963366136323763623134386331346664
32386238656339393732356662313738343864343735653039613666373230333138396363396237
66623832613136313934653430613265353664336430343435343739646635383164643331353764
31633661663936643165633031306537656135653866663934633632353765636165383066366565
61333937383437636132323766626133633532376134636337313731343232343230356162363536
33643735613733633261373537643935633965623365336631363136623032323565653361323039
30393736653165643836326239363636613735313961303631353831373264386138643036363131
63383535383539346165636432323862343062336162626238363862366563343833633730323764
36393665623439303739316166623562333563373237323564386631656130663666396631343539
31396433386230326134313734666237653166383832623465356363313462306664366466306537
31383535383438366336356565306136363235383635623830353432353133636463366561653432
38636135646664393531633031393063356564356531383737346661643034623364643163633863
38383865643531313330363833353135623139326130663766303632333066306433636531323739
64373366623638303432613133666431343233626363306137666239323030643831643064663161
61346165393431373736393463653163666562656135306362383939623162386535333566666366
63326536633764396135613934303837373665666265633235643936623335616138343366373734
35383466323639306430633137393264646630386562316131636538323065336636626238313834
33373862373463396565356434356334323161643938396666383433616237653961343034343863
38633539363834663637343763633265316632363361343033636539396561303631636161623930
31373632373030653633346333383439633631633836666136343461303639363737333538666437
36613539623266306361336634386366613663653635326433383939393161663266633333353837
62643131653136373636353433363066326463346531383265383666306664323366343331303635
64316363666335663632336263343337313863623939316639623933656462323532643236323562
30313561313065333565356237383538323836616639396331303363326232316463656537663766
30623266306235313631313630653737363932323934373965633136656139646264376536623330
66383736626135616238323530633563643061626436303536653132323239343338316139363063
31386237613263323239643362653565386635353531313139363662376566356334323430636239
39313532376535303262646561303237653363303965373165363632396230656332376266653730
30323531636237386632373430663665626339643932363632323234656165346630376564366338
66353866643265306266373032646633653363663834376438376136666664333033653630636436
38616130313634303861333131386165623266366164366531363563616534376330336632633761
66396636613361343432383530353862396163383066333235313333373538636365383836336330
33653939633964383132333935633764396237346666613335646432353231303462363665343530
39383434633637313538303264336265343832643439396133383863336566376564616165353064
30333930633237613064383662653134313637353638383036376566383162336630623436336437
65633833323836376262326539343632333261666337653233393635373030363761353133643131
35653961313238383565363639383330653265646633633431306436303437616437373765613434
65303230303666643430303030633461363431343530623461646433613536343631393463663730
31663765373662363535366364626134336166323934356137393635613364306564663036306439
37636132376462326363326461326634373865646230306231333965646132363834376331623339
32656430656438396430393064303963663362313737653435393931653935646661383636336663
30346639303264343232383037316632653132636536336436393064363664666364653862303864
33343338646263636536656565383163386563333439313931643136303463633361636633353764
38393731663037653462373831633131636534356439393863306436303961323364623838306562
34393933373736363161313434346664636364616264326666623132316539346231333936663435
62656166636238623765656531376562623432643165336565653565633139633262336631646335
30333531346361313435396562383462376561336431343861633332386637666335646437646335
65653637336437376463363465656138326138306165326264373461643431386562356634663863
61343333316663353062336331303239373464626532653539663732656535386536333262326533
34363533306130313464373831313835393933636162353230646564326335643665316233313839
37633866326366393035353331653736333064663564373432383363383034313039373935643836
38643036343366393235383265653165376665346636323534343762346462386564623465313131
30333232313939346562323631326264353938333936326233336161323235663466363738376464
38343031613334343635323936393762623337333439396339363636643030666633376264366237
32663832366236663436353862323861383337633132643336643137653037356462393734383435
35666361373464343939666533633466633033643564363534653139643132396662616338353765
66623764356431636466396261343965396435633662353161616262323430323462626132363831
64636431333138343065356462393036356532666333626131613330366262336165663037313939
38316361376636663436393165316535316137633466306337366365666436376631623534336664
65313135373861633466373462636233376135383839336230303866336639323462626536323135
37663265376339336466333635626134363834373032313337613637336336313466363731613061
36643761353938383835373036383562333562316534356666636263333564656164323466333438
34366565636166616330346335646537663966633737303334363630393134656565663838643733
61383461373263386237636133333961306265323662366432633535653139623237306235303566
39643336633734353233343935623962383962336235343039623339313632626464616465323035
61316462313639373634373432396161376162643838643233616164353766373937353861376338
36616634383263353130646331653735323765356461386564613836393638353466643634613638
31623634656231646534303935633866386336343466626439306533633961383964623136646531
31656331666165383830346563393738623665326233323034643864393334333137303839353936
66393739353834636132306232353336306236646536323435333334643134303635343937633963
38333932326538356338646532663933656531313538646135666434333665316232326437643266
34343837333737383265326535623661613664613432373364613163396337373230616338323466
38393561653432613364326362353566646137356434613765316263313336663133626239626532
35313533636263316536376466613766623930346264643866613034633237316630326664623961
39653566623763303364643833343461333631336536303761323661376132343135356661336434
66363135383233303833653031386337343836326639323365633962366330306262363635396466
38653366373562396561306362376237653533626535396437356166373662623438396663396435
61363633383330623164663066653962333761313066613763363235376636623732316337666234
35656337366239653533623062323331343931333435353665663863366661353231333232396266
63303466333764643139626530636334613134363566303039393063623035393861626236653230
66343764333532363565366566643730393130646433613866616231656530373262323261616237
34613962363736613932313966643764323438326134663632613237313263613366643237386434
38346566643032636366613632653863353238643539653834316639393437316133303933656532
35663164376266383365633034633134646635373134383632643366643037643461633065636531
65643862623935353234343235336464623539396566653164623334303965363233343736663737
32646332306465643230396236613037663831393762393466333861633066613532346563356439
63386263623566353333666466393638663366353339333864373735626662303465643032613938
32666635373930623932313137636230303464333833356462663831613362646661333135383962
34666433323332336631346637356465376162353135616536363566356238306538353435323961
66633661343065373864653238303333666137643632313763663333323066356638326562616336
65666266343134333066383131383465346230353531323131306264383439393731356235656233
37353736383764666263633237656465626538333437393566323130333265323164633165663262
34653262396265363065353939653233356135636637613938356535623837623663306662393963
32376431343638343334666638316639346230323638336131386231356635653463313630356266
30653232663439343766343566623064616165353562636661393231376535363038313138383965
33356361386133373633623361663433313934323231346164343764396432356637643165333038
37646534376639613861303765323865366266316534386531613835656431313631666662663366
39393733333133376261303136366538646634343639623661613834373935383438376366353630
62353734306231373661303039373566616134396636376633383832643431313464643031383133
64666564383831613465373566636133343733323237613239393139303032643262313162333739
32333561313835363533653339396266613365323735653436323665646664303766313161613739
62313139313638666463306432626237633731343138636566316637393939333539616135626265
35346264336438323666393138306335386261636163363366356634343735373833306264363164
61636561386135383261316635363238313930376361363234373630626261373836303334623562
38353561383365363764
